0.129506 0.102804 0.054740 0.064085 0.052069 0.029372 0.036048 0.026702 0.030708 0.028037 0.025367 0.025367 0.021362 0.022697 0.032043 0.022697 0.022697 0.028037 0.020027 0.018692 0.033378 0.022697 0.010681 0.009346 0.004005 0.025367 0.025367 0.025367 0.025367 0.025367
0.129085 0.122549 0.053922 0.029412 0.017974 0.026144 0.027778 0.034314 0.032680 0.027778 0.026144 0.029412 0.016340 0.027778 0.031046 0.027778 0.024510 0.032680 0.026144 0.024510 0.011438 0.021242 0.021242 0.006536 0.016340 0.031046 0.031046 0.031046 0.031046 0.031046
0.155752 0.123894 0.063717 0.053097 0.023009 0.030088 0.028319 0.021239 0.042478 0.038938 0.037168 0.037168 0.017699 0.035398 0.044248 0.024779 0.033628 0.044248 0.035398 0.042478 0.010619 0.021239 0.024779 0.005310 0.005310 0.000000 0.000000 0.000000 0.000000 0.000000
0.178879 0.109914 0.051724 0.058190 0.021552 0.043103 0.023707 0.038793 0.045259 0.043103 0.038793 0.040948 0.021552 0.036638 0.023707 0.028017 0.017241 0.023707 0.017241 0.051724 0.021552 0.030172 0.028017 0.004310 0.002155 0.000000 0.000000 0.000000 0.000000 0.000000
0.170051 0.126904 0.040609 0.063452 0.015228 0.030457 0.027919 0.030457 0.055838 0.050761 0.048223 0.053299 0.025381 0.048223 0.020305 0.030457 0.005076 0.012690 0.007614 0.035533 0.015228 0.032995 0.038071 0.015228 0.000000 0.000000 0.000000 0.000000 0.000000 0.000000
0.188953 0.165698 0.031977 0.052326 0.017442 0.020349 0.031977 0.034884 0.052326 0.043605 0.040698 0.040698 0.029070 0.043605 0.008721 0.026163 0.002907 0.005814 0.005814 0.063953 0.014535 0.034884 0.034884 0.005814 0.002907 0.000000 0.000000 0.000000 0.000000 0.000000
0.168350 0.131313 0.050505 0.047138 0.016835 0.010101 0.033670 0.037037 0.047138 0.037037 0.033670 0.030303 0.033670 0.030303 0.023569 0.020202 0.023569 0.026936 0.030303 0.074074 0.016835 0.030303 0.037037 0.006734 0.003367 0.000000 0.000000 0.000000 0.000000 0.000000
0.192727 0.269091 0.021818 0.065455 0.018182 0.101818 0.014545 0.003636 0.040000 0.032727 0.032727 0.036364 0.000000 0.032727 0.007273 0.032727 0.003636 0.003636 0.003636 0.025455 0.007273 0.025455 0.014545 0.007273 0.007273 0.000000 0.000000 0.000000 0.000000 0.000000
0.200000 0.106250 0.046875 0.040625 0.021875 0.015625 0.037500 0.031250 0.046875 0.040625 0.037500 0.037500 0.031250 0.037500 0.031250 0.018750 0.021875 0.021875 0.025000 0.068750 0.015625 0.025000 0.034375 0.003125 0.003125 0.000000 0.000000 0.000000 0.000000 0.000000
0.282051 0.073260 0.010989 0.051282 0.029304 0.036630 0.047619 0.047619 0.062271 0.054945 0.051282 0.047619 0.036630 0.051282 0.000000 0.025641 0.000000 0.003663 0.000000 0.014652 0.018315 0.014652 0.032967 0.003663 0.003663 0.000000 0.000000 0.000000 0.000000 0.000000
0.201646 0.209877 0.016461 0.045267 0.032922 0.020576 0.037037 0.045267 0.053498 0.041152 0.041152 0.037037 0.041152 0.037037 0.000000 0.032922 0.000000 0.000000 0.008230 0.012346 0.020576 0.028807 0.037037 0.000000 0.000000 0.000000 0.000000 0.000000 0.000000 0.000000
0.267797 0.071186 0.016949 0.040678 0.027119 0.037288 0.040678 0.044068 0.061017 0.054237 0.050847 0.050847 0.033898 0.050847 0.010169 0.033898 0.003390 0.003390 0.000000 0.027119 0.016949 0.016949 0.033898 0.003390 0.003390 0.000000 0.000000 0.000000 0.000000 0.000000
0.226601 0.157635 0.059113 0.034483 0.019704 0.029557 0.019704 0.004926 0.059113 0.059113 0.059113 0.064039 0.000000 0.064039 0.009852 0.029557 0.009852 0.014778 0.004926 0.014778 0.009852 0.024631 0.014778 0.009852 0.000000 0.000000 0.000000 0.000000 0.000000 0.000000
0.113082 0.048780 0.079823 0.028825 0.024390 0.059867 0.013304 0.035477 0.019956 0.022173 0.017738 0.017738 0.024390 0.022173 0.035477 0.028825 0.039911 0.035477 0.039911 0.002217 0.011086 0.004435 0.011086 0.019956 0.033259 0.042129 0.042129 0.042129 0.042129 0.042129
0.135593 0.067797 0.045198 0.073446 0.076271 0.022599 0.059322 0.076271 0.025424 0.033898 0.025424 0.028249 0.073446 0.031073 0.016949 0.022599 0.005650 0.005650 0.008475 0.002825 0.050847 0.005650 0.019774 0.048023 0.039548 0.000000 0.000000 0.000000 0.000000 0.000000
0.235023 0.225806 0.004608 0.018433 0.023041 0.004608 0.046083 0.018433 0.064516 0.059908 0.055300 0.050691 0.009217 0.055300 0.000000 0.027650 0.004608 0.000000 0.000000 0.013825 0.023041 0.004608 0.046083 0.004608 0.004608 0.000000 0.000000 0.000000 0.000000 0.000000
0.114894 0.063830 0.102128 0.059574 0.063830 0.072340 0.063830 0.004255 0.025532 0.025532 0.025532 0.025532 0.000000 0.025532 0.076596 0.025532 0.051064 0.072340 0.051064 0.000000 0.008511 0.025532 0.008511 0.004255 0.004255 0.000000 0.000000 0.000000 0.000000 0.000000
0.126649 0.060686 0.089710 0.073879 0.055409 0.031662 0.058047 0.058047 0.013193 0.015831 0.013193 0.013193 0.063325 0.010554 0.047493 0.010554 0.052770 0.039578 0.034301 0.000000 0.034301 0.002639 0.007916 0.047493 0.039578 0.000000 0.000000 0.000000 0.000000 0.000000
0.159722 0.079861 0.090278 0.052083 0.038194 0.086806 0.062500 0.072917 0.024306 0.024306 0.020833 0.024306 0.052083 0.020833 0.010417 0.027778 0.031250 0.010417 0.000000 0.000000 0.020833 0.003472 0.017361 0.017361 0.052083 0.000000 0.000000 0.000000 0.000000 0.000000
0.300613 0.220859 0.000000 0.018405 0.024540 0.000000 0.012270 0.024540 0.061350 0.055215 0.049080 0.049080 0.012270 0.049080 0.000000 0.012270 0.000000 0.000000 0.000000 0.000000 0.030675 0.018405 0.055215 0.006135 0.000000 0.000000 0.000000 0.000000 0.000000 0.000000
0.214765 0.147651 0.026846 0.080537 0.013423 0.033557 0.013423 0.000000 0.060403 0.053691 0.053691 0.053691 0.000000 0.053691 0.020134 0.020134 0.000000 0.013423 0.013423 0.033557 0.006711 0.053691 0.020134 0.000000 0.013423 0.000000 0.000000 0.000000 0.000000 0.000000
0.157360 0.152284 0.106599 0.050761 0.000000 0.065990 0.005076 0.000000 0.020305 0.020305 0.020305 0.025381 0.000000 0.025381 0.071066 0.030457 0.065990 0.081218 0.065990 0.000000 0.000000 0.020305 0.010152 0.005076 0.000000 0.000000 0.000000 0.000000 0.000000 0.000000
0.169960 0.059289 0.075099 0.047431 0.090909 0.047431 0.075099 0.071146 0.023715 0.031621 0.019763 0.019763 0.059289 0.015810 0.003953 0.023715 0.027668 0.000000 0.003953 0.000000 0.071146 0.000000 0.011858 0.023715 0.027668 0.000000 0.000000 0.000000 0.000000 0.000000
0.136905 0.053571 0.077381 0.083333 0.023810 0.089286 0.065476 0.017857 0.023810 0.023810 0.023810 0.017857 0.011905 0.017857 0.059524 0.017857 0.035714 0.035714 0.047619 0.047619 0.017857 0.065476 0.000000 0.000000 0.005952 0.000000 0.000000 0.000000 0.000000 0.000000
0.134831 0.078652 0.044944 0.112360 0.044944 0.044944 0.056180 0.000000 0.044944 0.044944 0.044944 0.044944 0.000000 0.044944 0.022472 0.000000 0.011236 0.011236 0.011236 0.011236 0.022472 0.112360 0.011236 0.022472 0.022472 0.000000 0.000000 0.000000 0.000000 0.000000
0.154696 0.287293 0.033149 0.038674 0.011050 0.066298 0.000000 0.000000 0.049724 0.038674 0.038674 0.044199 0.000000 0.044199 0.022099 0.044199 0.000000 0.011050 0.000000 0.060773 0.000000 0.011050 0.044199 0.000000 0.000000 0.000000 0.000000 0.000000 0.000000 0.000000
0.107143 0.071429 0.077922 0.081169 0.055195 0.058442 0.061688 0.035714 0.012987 0.012987 0.012987 0.012987 0.048701 0.009740 0.058442 0.022727 0.051948 0.045455 0.051948 0.000000 0.042208 0.003247 0.006494 0.035714 0.022727 0.000000 0.000000 0.000000 0.000000 0.000000
0.104167 0.048611 0.027778 0.090278 0.138889 0.048611 0.090278 0.055556 0.020833 0.027778 0.020833 0.013889 0.097222 0.013889 0.006944 0.006944 0.006944 0.000000 0.020833 0.006944 0.048611 0.076389 0.006944 0.006944 0.013889 0.000000 0.000000 0.000000 0.000000 0.000000
0.205021 0.079498 0.062762 0.071130 0.083682 0.138075 0.050209 0.012552 0.020921 0.029289 0.020921 0.016736 0.025105 0.020921 0.004184 0.050209 0.008368 0.000000 0.016736 0.000000 0.025105 0.004184 0.012552 0.016736 0.025105 0.000000 0.000000 0.000000 0.000000 0.000000
0.227941 0.102941 0.066176 0.036765 0.022059 0.029412 0.029412 0.029412 0.044118 0.044118 0.044118 0.044118 0.080882 0.036765 0.007353 0.022059 0.007353 0.022059 0.000000 0.000000 0.022059 0.007353 0.014706 0.058824 0.000000 0.000000 0.000000 0.000000 0.000000 0.000000
0.167347 0.085714 0.065306 0.044898 0.069388 0.048980 0.077551 0.089796 0.016327 0.020408 0.016327 0.016327 0.061224 0.016327 0.000000 0.020408 0.024490 0.000000 0.000000 0.000000 0.053061 0.004082 0.012245 0.028571 0.061224 0.000000 0.000000 0.000000 0.000000 0.000000
0.308219 0.054795 0.013699 0.000000 0.013699 0.000000 0.027397 0.006849 0.095890 0.082192 0.075342 0.068493 0.000000 0.068493 0.000000 0.013699 0.000000 0.000000 0.000000 0.047945 0.013699 0.041096 0.061644 0.006849 0.000000 0.000000 0.000000 0.000000 0.000000 0.000000
0.107438 0.338843 0.024793 0.049587 0.000000 0.016529 0.000000 0.008264 0.049587 0.049587 0.049587 0.049587 0.000000 0.049587 0.000000 0.008264 0.008264 0.000000 0.000000 0.132231 0.000000 0.033058 0.024793 0.000000 0.000000 0.000000 0.000000 0.000000 0.000000 0.000000
0.160494 0.104938 0.129630 0.043210 0.061728 0.030864 0.104938 0.012346 0.018519 0.024691 0.012346 0.012346 0.037037 0.012346 0.006173 0.030864 0.049383 0.006173 0.018519 0.000000 0.037037 0.006173 0.018519 0.018519 0.043210 0.000000 0.000000 0.000000 0.000000 0.000000
0.089431 0.048780 0.130081 0.000000 0.016260 0.016260 0.000000 0.065041 0.016260 0.016260 0.016260 0.024390 0.000000 0.016260 0.113821 0.016260 0.097561 0.121951 0.097561 0.000000 0.000000 0.008130 0.016260 0.008130 0.065041 0.000000 0.000000 0.000000 0.000000 0.000000
0.182482 0.058394 0.043796 0.058394 0.043796 0.000000 0.072993 0.094891 0.043796 0.036496 0.036496 0.029197 0.072993 0.029197 0.021898 0.007299 0.000000 0.007299 0.014599 0.051095 0.036496 0.043796 0.007299 0.000000 0.007299 0.000000 0.000000 0.000000 0.000000 0.000000
0.146939 0.093878 0.048980 0.097959 0.073469 0.020408 0.032653 0.081633 0.024490 0.024490 0.024490 0.020408 0.097959 0.012245 0.016327 0.004082 0.020408 0.000000 0.000000 0.000000 0.053061 0.008163 0.008163 0.057143 0.032653 0.000000 0.000000 0.000000 0.000000 0.000000
0.178218 0.039604 0.009901 0.029703 0.039604 0.009901 0.108911 0.099010 0.039604 0.049505 0.039604 0.039604 0.099010 0.039604 0.000000 0.029703 0.009901 0.019802 0.000000 0.019802 0.029703 0.029703 0.029703 0.009901 0.000000 0.000000 0.000000 0.000000 0.000000 0.000000
0.033473 0.025105 0.100418 0.012552 0.033473 0.016736 0.008368 0.058577 0.000000 0.000000 0.000000 0.000000 0.000000 0.004184 0.058577 0.020921 0.050209 0.062762 0.058577 0.000000 0.020921 0.000000 0.000000 0.004184 0.033473 0.079498 0.079498 0.079498 0.079498 0.079498
0.140625 0.125000 0.015625 0.085938 0.125000 0.101562 0.125000 0.007812 0.031250 0.031250 0.031250 0.031250 0.000000 0.039062 0.007812 0.031250 0.007812 0.000000 0.007812 0.000000 0.015625 0.007812 0.007812 0.007812 0.015625 0.000000 0.000000 0.000000 0.000000 0.000000
0.108434 0.024096 0.060241 0.060241 0.144578 0.036145 0.156627 0.012048 0.084337 0.072289 0.072289 0.060241 0.000000 0.060241 0.000000 0.012048 0.000000 0.000000 0.000000 0.000000 0.000000 0.000000 0.036145 0.000000 0.000000 0.000000 0.000000 0.000000 0.000000 0.000000
0.149254 0.111940 0.141791 0.037313 0.104478 0.037313 0.000000 0.014925 0.022388 0.022388 0.014925 0.014925 0.044776 0.007463 0.007463 0.029851 0.059701 0.007463 0.022388 0.000000 0.097015 0.000000 0.000000 0.000000 0.052239 0.000000 0.000000 0.000000 0.000000 0.000000
0.100000 0.285714 0.042857 0.071429 0.014286 0.042857 0.000000 0.000000 0.057143 0.057143 0.057143 0.057143 0.000000 0.057143 0.014286 0.014286 0.014286 0.014286 0.000000 0.057143 0.000000 0.014286 0.028571 0.000000 0.000000 0.000000 0.000000 0.000000 0.000000 0.000000
0.202899 0.173913 0.028986 0.057971 0.028986 0.014493 0.144928 0.000000 0.057971 0.057971 0.043478 0.028986 0.000000 0.028986 0.014493 0.000000 0.000000 0.000000 0.028986 0.043478 0.000000 0.014493 0.000000 0.014493 0.014493 0.000000 0.000000 0.000000 0.000000 0.000000
0.206897 0.344828 0.000000 0.000000 0.022989 0.011494 0.126437 0.000000 0.045977 0.045977 0.034483 0.034483 0.000000 0.034483 0.000000 0.011494 0.000000 0.000000 0.000000 0.022989 0.000000 0.011494 0.011494 0.011494 0.022989 0.000000 0.000000 0.000000 0.000000 0.000000
0.096774 0.387097 0.010753 0.010753 0.010753 0.032258 0.000000 0.000000 0.053763 0.053763 0.053763 0.064516 0.000000 0.053763 0.000000 0.032258 0.000000 0.000000 0.000000 0.075269 0.000000 0.000000 0.053763 0.010753 0.000000 0.000000 0.000000 0.000000 0.000000 0.000000
0.123967 0.148760 0.165289 0.049587 0.057851 0.082645 0.008264 0.000000 0.024793 0.024793 0.024793 0.016529 0.049587 0.008264 0.016529 0.008264 0.074380 0.024793 0.008264 0.000000 0.049587 0.008264 0.008264 0.008264 0.008264 0.000000 0.000000 0.000000 0.000000 0.000000
0.108108 0.040541 0.000000 0.040541 0.175676 0.121622 0.162162 0.000000 0.067568 0.067568 0.067568 0.054054 0.000000 0.054054 0.000000 0.000000 0.000000 0.000000 0.000000 0.000000 0.000000 0.000000 0.040541 0.000000 0.000000 0.000000 0.000000 0.000000 0.000000 0.000000
0.183908 0.091954 0.022989 0.011494 0.034483 0.022989 0.103448 0.091954 0.057471 0.045977 0.045977 0.034483 0.091954 0.022989 0.011494 0.022989 0.000000 0.045977 0.000000 0.022989 0.000000 0.000000 0.000000 0.011494 0.022989 0.000000 0.000000 0.000000 0.000000 0.000000
0.103448 0.068966 0.137931 0.103448 0.051724 0.051724 0.068966 0.000000 0.017241 0.017241 0.017241 0.034483 0.000000 0.017241 0.017241 0.034483 0.068966 0.034483 0.017241 0.000000 0.034483 0.034483 0.017241 0.017241 0.034483 0.000000 0.000000 0.000000 0.000000 0.000000
0.173913 0.108696 0.043478 0.043478 0.000000 0.173913 0.000000 0.000000 0.065217 0.065217 0.065217 0.065217 0.000000 0.065217 0.000000 0.000000 0.000000 0.021739 0.000000 0.043478 0.000000 0.021739 0.021739 0.021739 0.000000 0.000000 0.000000 0.000000 0.000000 0.000000
0.156522 0.121739 0.034783 0.043478 0.069565 0.043478 0.121739 0.086957 0.008696 0.017391 0.008696 0.008696 0.130435 0.017391 0.000000 0.008696 0.026087 0.000000 0.000000 0.000000 0.052174 0.008696 0.017391 0.008696 0.008696 0.000000 0.000000 0.000000 0.000000 0.000000
0.080000 0.080000 0.026667 0.320000 0.000000 0.026667 0.173333 0.000000 0.013333 0.013333 0.013333 0.013333 0.000000 0.013333 0.053333 0.026667 0.000000 0.013333 0.000000 0.000000 0.000000 0.053333 0.026667 0.053333 0.000000 0.000000 0.000000 0.000000 0.000000 0.000000
0.265823 0.151899 0.000000 0.025316 0.025316 0.012658 0.037975 0.012658 0.075949 0.063291 0.050633 0.050633 0.000000 0.050633 0.000000 0.000000 0.000000 0.000000 0.000000 0.050633 0.000000 0.012658 0.088608 0.012658 0.012658 0.000000 0.000000 0.000000 0.000000 0.000000
0.190476 0.063492 0.095238 0.063492 0.111111 0.031746 0.000000 0.000000 0.031746 0.031746 0.031746 0.031746 0.000000 0.031746 0.015873 0.063492 0.000000 0.015873 0.000000 0.015873 0.111111 0.047619 0.015873 0.000000 0.000000 0.000000 0.000000 0.000000 0.000000 0.000000
0.152778 0.694444 0.013889 0.027778 0.000000 0.069444 0.000000 0.000000 0.000000 0.000000 0.000000 0.000000 0.000000 0.000000 0.013889 0.013889 0.000000 0.000000 0.000000 0.013889 0.000000 0.000000 0.000000 0.000000 0.000000 0.000000 0.000000 0.000000 0.000000 0.000000
0.200000 0.222222 0.044444 0.066667 0.044444 0.000000 0.022222 0.022222 0.022222 0.022222 0.022222 0.022222 0.000000 0.022222 0.022222 0.000000 0.000000 0.000000 0.044444 0.022222 0.044444 0.111111 0.022222 0.000000 0.000000 0.000000 0.000000 0.000000 0.000000 0.000000
0.043103 0.034483 0.025862 0.017241 0.000000 0.008621 0.000000 0.000000 0.000000 0.000000 0.000000 0.008621 0.000000 0.000000 0.008621 0.008621 0.000000 0.000000 0.000000 0.008621 0.000000 0.017241 0.000000 0.000000 0.000000 0.163793 0.163793 0.163793 0.163793 0.163793
0.119048 0.166667 0.107143 0.059524 0.083333 0.071429 0.011905 0.000000 0.023810 0.035714 0.023810 0.023810 0.071429 0.011905 0.000000 0.011905 0.071429 0.000000 0.000000 0.000000 0.071429 0.011905 0.000000 0.011905 0.011905 0.000000 0.000000 0.000000 0.000000 0.000000
0.171171 0.063063 0.009009 0.009009 0.054054 0.018018 0.144144 0.171171 0.018018 0.036036 0.018018 0.018018 0.099099 0.018018 0.000000 0.009009 0.000000 0.000000 0.000000 0.000000 0.045045 0.009009 0.018018 0.009009 0.063063 0.000000 0.000000 0.000000 0.000000 0.000000
0.322581 0.258065 0.000000 0.000000 0.032258 0.000000 0.000000 0.032258 0.064516 0.064516 0.064516 0.064516 0.000000 0.064516 0.000000 0.000000 0.000000 0.000000 0.000000 0.000000 0.000000 0.032258 0.000000 0.000000 0.000000 0.000000 0.000000 0.000000 0.000000 0.000000
0.222222 0.037037 0.037037 0.166667 0.018519 0.129630 0.018519 0.000000 0.037037 0.037037 0.037037 0.037037 0.000000 0.037037 0.018519 0.074074 0.000000 0.037037 0.000000 0.000000 0.018519 0.000000 0.000000 0.000000 0.037037 0.000000 0.000000 0.000000 0.000000 0.000000
0.163043 0.043478 0.086957 0.010870 0.021739 0.000000 0.173913 0.141304 0.032609 0.054348 0.032609 0.032609 0.097826 0.032609 0.010870 0.010870 0.021739 0.000000 0.000000 0.000000 0.000000 0.000000 0.010870 0.021739 0.000000 0.000000 0.000000 0.000000 0.000000 0.000000
0.278689 0.000000 0.016393 0.032787 0.049180 0.000000 0.049180 0.131148 0.049180 0.049180 0.032787 0.032787 0.131148 0.032787 0.000000 0.000000 0.000000 0.000000 0.000000 0.032787 0.032787 0.016393 0.000000 0.016393 0.016393 0.000000 0.000000 0.000000 0.000000 0.000000
0.114286 0.000000 0.028571 0.042857 0.042857 0.014286 0.057143 0.014286 0.085714 0.085714 0.071429 0.057143 0.000000 0.057143 0.000000 0.000000 0.000000 0.000000 0.028571 0.200000 0.000000 0.014286 0.071429 0.014286 0.000000 0.000000 0.000000 0.000000 0.000000 0.000000
0.311111 0.044444 0.022222 0.022222 0.044444 0.022222 0.000000 0.000000 0.088889 0.088889 0.088889 0.088889 0.000000 0.111111 0.000000 0.000000 0.000000 0.022222 0.000000 0.000000 0.000000 0.022222 0.022222 0.000000 0.000000 0.000000 0.000000 0.000000 0.000000 0.000000
0.327869 0.000000 0.016393 0.016393 0.032787 0.000000 0.016393 0.000000 0.098361 0.098361 0.098361 0.081967 0.000000 0.081967 0.000000 0.016393 0.000000 0.000000 0.000000 0.000000 0.000000 0.016393 0.098361 0.000000 0.000000 0.000000 0.000000 0.000000 0.000000 0.000000
0.463415 0.012195 0.036585 0.012195 0.097561 0.000000 0.024390 0.000000 0.024390 0.024390 0.024390 0.024390 0.000000 0.024390 0.012195 0.012195 0.000000 0.012195 0.000000 0.048780 0.109756 0.012195 0.000000 0.000000 0.024390 0.000000 0.000000 0.000000 0.000000 0.000000
0.157895 0.052632 0.022556 0.097744 0.142857 0.007519 0.037594 0.060150 0.030075 0.037594 0.030075 0.030075 0.067669 0.037594 0.000000 0.007519 0.000000 0.000000 0.000000 0.000000 0.090226 0.007519 0.022556 0.060150 0.000000 0.000000 0.000000 0.000000 0.000000 0.000000
0.018182 0.127273 0.018182 0.436364 0.000000 0.018182 0.000000 0.018182 0.018182 0.018182 0.018182 0.018182 0.000000 0.018182 0.090909 0.000000 0.000000 0.018182 0.000000 0.000000 0.000000 0.072727 0.018182 0.072727 0.000000 0.000000 0.000000 0.000000 0.000000 0.000000
0.166667 0.333333 0.055556 0.055556 0.055556 0.055556 0.000000 0.000000 0.000000 0.000000 0.000000 0.000000 0.000000 0.000000 0.000000 0.055556 0.055556 0.000000 0.055556 0.000000 0.000000 0.111111 0.000000 0.000000 0.000000 0.000000 0.000000 0.000000 0.000000 0.000000
0.137931 0.137931 0.000000 0.068966 0.000000 0.103448 0.000000 0.000000 0.068966 0.068966 0.068966 0.068966 0.000000 0.068966 0.034483 0.034483 0.000000 0.000000 0.000000 0.000000 0.000000 0.103448 0.000000 0.034483 0.000000 0.000000 0.000000 0.000000 0.000000 0.000000
0.098039 0.215686 0.058824 0.058824 0.019608 0.058824 0.294118 0.000000 0.019608 0.019608 0.019608 0.019608 0.000000 0.039216 0.019608 0.019608 0.039216 0.000000 0.000000 0.000000 0.000000 0.000000 0.000000 0.000000 0.000000 0.000000 0.000000 0.000000 0.000000 0.000000
0.089744 0.128205 0.038462 0.012821 0.025641 0.012821 0.025641 0.269231 0.012821 0.012821 0.012821 0.012821 0.115385 0.000000 0.000000 0.025641 0.000000 0.000000 0.012821 0.000000 0.000000 0.025641 0.012821 0.051282 0.102564 0.000000 0.000000 0.000000 0.000000 0.000000
0.090909 0.090909 0.136364 0.090909 0.000000 0.022727 0.000000 0.045455 0.068182 0.045455 0.045455 0.022727 0.000000 0.068182 0.022727 0.022727 0.045455 0.022727 0.090909 0.000000 0.000000 0.022727 0.022727 0.022727 0.000000 0.000000 0.000000 0.000000 0.000000 0.000000
0.102564 0.076923 0.025641 0.000000 0.051282 0.025641 0.000000 0.205128 0.025641 0.025641 0.025641 0.025641 0.000000 0.025641 0.000000 0.025641 0.000000 0.051282 0.000000 0.000000 0.000000 0.051282 0.025641 0.025641 0.205128 0.000000 0.000000 0.000000 0.000000 0.000000
0.255319 0.297872 0.021277 0.042553 0.000000 0.000000 0.000000 0.000000 0.042553 0.042553 0.042553 0.042553 0.000000 0.042553 0.021277 0.000000 0.021277 0.021277 0.000000 0.021277 0.000000 0.063830 0.021277 0.000000 0.000000 0.000000 0.000000 0.000000 0.000000 0.000000
0.459016 0.000000 0.016393 0.032787 0.032787 0.016393 0.000000 0.131148 0.065574 0.016393 0.016393 0.016393 0.131148 0.016393 0.000000 0.000000 0.000000 0.000000 0.000000 0.000000 0.000000 0.049180 0.000000 0.000000 0.000000 0.000000 0.000000 0.000000 0.000000 0.000000
0.183673 0.040816 0.020408 0.081633 0.020408 0.000000 0.000000 0.061224 0.061224 0.061224 0.061224 0.061224 0.040816 0.061224 0.000000 0.000000 0.000000 0.000000 0.000000 0.061224 0.061224 0.102041 0.020408 0.000000 0.000000 0.000000 0.000000 0.000000 0.000000 0.000000
0.230769 0.076923 0.076923 0.000000 0.000000 0.000000 0.076923 0.000000 0.076923 0.076923 0.076923 0.076923 0.000000 0.076923 0.000000 0.000000 0.000000 0.000000 0.000000 0.000000 0.000000 0.076923 0.076923 0.000000 0.000000 0.000000 0.000000 0.000000 0.000000 0.000000
0.043478 0.173913 0.086957 0.000000 0.043478 0.000000 0.000000 0.000000 0.043478 0.043478 0.043478 0.086957 0.000000 0.043478 0.000000 0.043478 0.086957 0.043478 0.130435 0.000000 0.000000 0.043478 0.043478 0.000000 0.000000 0.000000 0.000000 0.000000 0.000000 0.000000
0.102804 0.009346 0.018692 0.009346 0.084112 0.000000 0.149533 0.177570 0.028037 0.028037 0.028037 0.028037 0.168224 0.018692 0.000000 0.009346 0.000000 0.000000 0.000000 0.000000 0.046729 0.000000 0.009346 0.084112 0.000000 0.000000 0.000000 0.000000 0.000000 0.000000
0.277778 0.000000 0.037037 0.037037 0.037037 0.000000 0.148148 0.148148 0.018519 0.018519 0.018519 0.018519 0.148148 0.018519 0.000000 0.000000 0.000000 0.018519 0.000000 0.000000 0.037037 0.018519 0.000000 0.000000 0.000000 0.000000 0.000000 0.000000 0.000000 0.000000
0.063291 0.126582 0.050633 0.037975 0.101266 0.025316 0.037975 0.113924 0.012658 0.012658 0.012658 0.012658 0.075949 0.012658 0.025316 0.000000 0.012658 0.037975 0.000000 0.000000 0.075949 0.012658 0.000000 0.025316 0.113924 0.000000 0.000000 0.000000 0.000000 0.000000
0.023077 0.000000 0.207692 0.000000 0.000000 0.000000 0.000000 0.000000 0.000000 0.000000 0.000000 0.000000 0.000000 0.000000 0.169231 0.000000 0.138462 0.161538 0.146154 0.146154 0.000000 0.007692 0.000000 0.000000 0.000000 0.000000 0.000000 0.000000 0.000000 0.000000
0.092308 0.030769 0.138462 0.076923 0.030769 0.015385 0.015385 0.000000 0.015385 0.015385 0.015385 0.015385 0.000000 0.015385 0.107692 0.015385 0.092308 0.092308 0.092308 0.046154 0.000000 0.061538 0.000000 0.000000 0.015385 0.000000 0.000000 0.000000 0.000000 0.000000
0.155556 0.044444 0.088889 0.022222 0.155556 0.000000 0.088889 0.133333 0.022222 0.022222 0.022222 0.000000 0.044444 0.000000 0.000000 0.000000 0.000000 0.000000 0.000000 0.000000 0.111111 0.000000 0.022222 0.066667 0.000000 0.000000 0.000000 0.000000 0.000000 0.000000
0.175000 0.050000 0.000000 0.100000 0.000000 0.275000 0.000000 0.000000 0.075000 0.075000 0.075000 0.075000 0.000000 0.050000 0.000000 0.025000 0.000000 0.000000 0.000000 0.000000 0.000000 0.000000 0.000000 0.025000 0.000000 0.000000 0.000000 0.000000 0.000000 0.000000
0.146154 0.053846 0.015385 0.038462 0.123077 0.023077 0.023077 0.123077 0.007692 0.007692 0.007692 0.007692 0.069231 0.007692 0.038462 0.007692 0.007692 0.007692 0.007692 0.000000 0.092308 0.007692 0.007692 0.107692 0.061538 0.000000 0.000000 0.000000 0.000000 0.000000
0.055556 0.000000 0.194444 0.000000 0.000000 0.000000 0.000000 0.000000 0.000000 0.000000 0.000000 0.000000 0.000000 0.000000 0.111111 0.000000 0.097222 0.125000 0.083333 0.305556 0.000000 0.027778 0.000000 0.000000 0.000000 0.000000 0.000000 0.000000 0.000000 0.000000
0.375000 0.031250 0.062500 0.031250 0.000000 0.000000 0.062500 0.000000 0.062500 0.062500 0.062500 0.062500 0.000000 0.031250 0.000000 0.062500 0.031250 0.062500 0.000000 0.000000 0.000000 0.000000 0.000000 0.000000 0.000000 0.000000 0.000000 0.000000 0.000000 0.000000
0.154930 0.014085 0.014085 0.014085 0.014085 0.000000 0.211268 0.169014 0.042254 0.056338 0.042254 0.042254 0.126761 0.028169 0.014085 0.000000 0.000000 0.000000 0.000000 0.000000 0.000000 0.014085 0.014085 0.000000 0.028169 0.000000 0.000000 0.000000 0.000000 0.000000
0.153846 0.307692 0.192308 0.038462 0.038462 0.038462 0.000000 0.000000 0.000000 0.000000 0.000000 0.000000 0.000000 0.000000 0.038462 0.076923 0.000000 0.038462 0.000000 0.000000 0.000000 0.076923 0.000000 0.000000 0.000000 0.000000 0.000000 0.000000 0.000000 0.000000
0.037500 0.012500 0.150000 0.037500 0.012500 0.012500 0.000000 0.000000 0.012500 0.012500 0.012500 0.012500 0.000000 0.012500 0.087500 0.012500 0.087500 0.087500 0.075000 0.250000 0.000000 0.050000 0.012500 0.000000 0.012500 0.000000 0.000000 0.000000 0.000000 0.000000
0.082192 0.178082 0.219178 0.068493 0.000000 0.068493 0.013699 0.000000 0.041096 0.041096 0.041096 0.054795 0.000000 0.027397 0.000000 0.000000 0.109589 0.000000 0.000000 0.000000 0.000000 0.013699 0.027397 0.013699 0.000000 0.000000 0.000000 0.000000 0.000000 0.000000
0.154930 0.267606 0.070423 0.056338 0.000000 0.154930 0.000000 0.000000 0.028169 0.028169 0.028169 0.042254 0.000000 0.028169 0.042254 0.056338 0.000000 0.028169 0.000000 0.000000 0.000000 0.014085 0.000000 0.000000 0.000000 0.000000 0.000000 0.000000 0.000000 0.000000
0.250000 0.045455 0.045455 0.045455 0.000000 0.000000 0.000000 0.000000 0.113636 0.113636 0.113636 0.090909 0.000000 0.090909 0.000000 0.000000 0.000000 0.022727 0.000000 0.000000 0.000000 0.022727 0.045455 0.000000 0.000000 0.000000 0.000000 0.000000 0.000000 0.000000
0.200000 0.040000 0.120000 0.000000 0.000000 0.000000 0.080000 0.000000 0.080000 0.080000 0.080000 0.040000 0.000000 0.080000 0.000000 0.040000 0.000000 0.000000 0.000000 0.080000 0.000000 0.040000 0.040000 0.000000 0.000000 0.000000 0.000000 0.000000 0.000000 0.000000
0.049180 0.147541 0.032787 0.049180 0.114754 0.016393 0.000000 0.131148 0.000000 0.000000 0.000000 0.000000 0.229508 0.000000 0.000000 0.016393 0.032787 0.016393 0.000000 0.032787 0.098361 0.016393 0.016393 0.000000 0.000000 0.000000 0.000000 0.000000 0.000000 0.000000
0.040268 0.073826 0.093960 0.013423 0.053691 0.006711 0.087248 0.060403 0.006711 0.006711 0.006711 0.006711 0.040268 0.006711 0.093960 0.000000 0.080537 0.093960 0.080537 0.000000 0.040268 0.000000 0.000000 0.013423 0.093960 0.000000 0.000000 0.000000 0.000000 0.000000
